before normalisation
[[ 263    0    0    0]
 [   0  232    1    0]
 [   0    0   24    2]
 [  19   75   42 2467]]
after normalisation
[[1.         0.         0.         0.        ]
 [0.         0.99570815 0.00429185 0.        ]
 [0.         0.         0.92307692 0.07692308]
 [0.00729927 0.02881291 0.01613523 0.94775259]]
precision: 0.9701002254737695
precision weighted: [0.9927536231884057, 0.9718767048993274, 0.97834977473587, 0.924929341869989]
precision weighted sklearn: 0.9701002254737695
f1: 0.9598832017215532
recall: 0.95552

params: {'output_shape': 4, 'num_neurons_3': 64, 'num_neurons_2': 64, 'num_neurons_1': 64, 'num_layers3': 3, 'num_layers2': 1, 'num_layers1': 1, 'learning_rate': 0.001, 'input_shape': 3, 'dropout': 0.3, 'activation': 'relu'}


SECOND TIME:

BASE:
before normalisation
[[ 290    2    4    0]
 [   3  238    1    0]
 [   0    1   38    0]
 [  12   67   31 2438]]
after normalisation
[[0.97972973 0.00675676 0.01351351 0.        ]
 [0.01239669 0.98347107 0.00413223 0.        ]
 [0.         0.02564103 0.97435897 0.        ]
 [0.00470958 0.02629513 0.01216641 0.95682889]]
precision: 0.9716702879929109
precision weighted: [0.9828394336163586, 0.9436816888831366, 0.9703116837154899, 1.0]
precision weighted sklearn: 0.9716702879929109
f1: 0.9641964572541794
recall: 0.96128

Best Params:
before normalisation
[[ 293    0    3    0]
 [   0  241    1    0]
 [   0    0   39    0]
 [   1   54   22 2471]]
after normalisation
[[9.89864865e-01 0.00000000e+00 1.01351351e-02 0.00000000e+00]
 [0.00000000e+00 9.95867769e-01 4.13223140e-03 0.00000000e+00]
 [0.00000000e+00 0.00000000e+00 1.00000000e+00 0.00000000e+00]
 [3.92464678e-04 2.11930926e-02 8.63422292e-03 9.69780220e-01]]
precision: 0.9805103655021331
precision weighted: [0.9996036740486838, 0.9791624145320952, 0.9776111507734382, 1.0]
precision weighted sklearn: 0.9805103655021331
f1: 0.975797349609633
recall: 0.97408




